87 0.20935343205928802
88 0.18128837645053864
94 0.2567358911037445
105 0.12423206120729446
112 0.39413943886756897
117 0.17625315487384796
118 0.2189338058233261
119 0.3862570822238922
222 0.25575098395347595
227 0.2836489677429199
228 153.28623962402344
244 0.17322929203510284
245 0.18581551313400269
246 0.2058076560497284
248 0.21578000485897064
254 153.69747924804688
255 0.21756711602210999
303 0.17538505792617798
305 0.1796267032623291
306 0.22875171899795532
307 0.7242482304573059
311 0.2757960259914398
312 0.33908626437187195
313 0.35628843307495117
315 0.20887386798858643
317 0.24699032306671143
320 149.95172119140625
390 0.7762615084648132
391 432.14788818359375
428 0.7020626664161682
430 0.4033925235271454
432 0.5866127014160156
434 0.17159515619277954
438 0.8740760087966919
439 0.457377165555954
440 0.38906392455101013
441 0.2932991087436676
442 139.736083984375
445 0.492815762758255
446 150.49623107910156
447 141.1472625732422
448 0.9249122142791748
469 271.4483642578125
486 1.6405822038650513
487 1.657079815864563
488 130.105712890625
490 1.8664538860321045
491 1.0340005159378052
492 1.1132384538650513
494 135.3044891357422
516 2.0115599632263184
517 126.6513671875
518 0.8047765493392944
519 0.7771956920623779
520 0.7122472524642944
522 0.6609653234481812
523 0.49602678418159485
524 0.7742629647254944
525 1.318565011024475
526 133.2888641357422
527 132.9901123046875
528 0.6093273162841797
529 0.964535653591156
530 1.4168810844421387
531 123.47887420654297
533 2.6754791736602783
540 127.93769073486328
542 1.88225257396698
544 1.7243249416351318
545 2.162433624267578
546 2.485832691192627
547 2.851271152496338
548 2.2719578742980957
549 3.760575771331787
551 1.5707542896270752
552 149.10801696777344
554 123.49542999267578
555 0.5905999541282654
556 0.9846458435058594
557 1.7465441226959229
558 121.2826919555664
566 120.3869857788086
571 354.4410400390625
573 3.9985861778259277
576 116.11067199707031
577 3.6756703853607178
578 115.75167846679688
581 332.8316345214844
590 14.827435493469238
591 15.188787460327148
592 7.718571186065674
593 7.1249542236328125
595 8.343530654907227
596 118.73678588867188
597 117.75061798095703
598 3.2928762435913086
600 1.6737980842590332
615 2.8467910289764404
616 4.277143955230713
617 5.065590858459473
620 3.7681620121002197
621 1.7652479410171509
622 6.3926591873168945
623 105.81047821044922
624 2.3428795337677
625 105.37667083740234
626 102.78673553466797
629 7.431509017944336
630 191.28060913085938
631 142.9989013671875
635 8.122417449951172
637 113.85405731201172
639 188.62863159179688
643 11.711274147033691
644 11.323586463928223
646 250.51296997070312
650 101.34798431396484
651 4.909570217132568
652 112.7828369140625
655 209.7494354248047
656 10.158537864685059
658 103.52626037597656
660 196.75778198242188
662 4.053088188171387
663 15.15958023071289
664 3.297989845275879
668 101.13590240478516
675 93.01734924316406
676 8.198470115661621
679 10.103630065917969
680 195.78561401367188
681 5.53518009185791
682 99.53993225097656
683 95.58161163330078
686 98.98947143554688
687 99.21186828613281
689 11.021026611328125
690 7.748534202575684
691 104.4085693359375
695 9.268607139587402
700 96.60425567626953
702 84.10100555419922
703 5.557849884033203
704 169.6170654296875
705 3.539551019668579
706 6.598808765411377
708 6.393174648284912
709 150.69094848632812
711 73.63129425048828
712 76.27741241455078
713 296.0993957519531
718 75.90524291992188
719 12.814610481262207
720 86.02644348144531
723 95.2945556640625
725 14.692136764526367
726 33.82573699951172
728 4.60535192489624
729 10.53547477722168
731 111.10983276367188
735 9.755023956298828
740 3.4626662731170654
741 68.37207794189453
744 140.1536865234375
745 3.5259499549865723
751 64.7068099975586
752 250.72361755371094
754 74.95747375488281
756 69.69851684570312
757 20.026277542114258
758 15.503864288330078
765 68.46513366699219
768 63.52587127685547
769 3.85679030418396
770 7.639624118804932
771 35.1316032409668
772 107.32037353515625
774 4.163477420806885
775 91.90128326416016
777 91.00906372070312
778 2.086256265640259
782 15.971817970275879
783 99.01774597167969
785 75.95982360839844
788 8.709918022155762
792 101.0665283203125
793 63.803428649902344
797 43.58932876586914
801 63.249046325683594
803 1.4395331144332886
804 67.6668472290039
807 330.75445556640625
808 55.33425521850586
809 60.8260612487793
810 200.94735717773438
811 40.04938507080078
815 9.288235664367676
816 54.278343200683594
817 137.9693603515625
819 10.670193672180176
823 98.5390853881836
827 207.64178466796875
828 7.084464073181152
829 54.996742248535156
830 11.694130897521973
832 12.496575355529785
833 54.03011703491211
834 2.932542324066162
835 4.524096488952637
838 118.92872619628906
839 3.3861610889434814
840 4.494733810424805
841 59.61875534057617
849 54.749359130859375
851 91.38416290283203
856 63.50096893310547
857 11.812982559204102
861 61.41980743408203
869 16.575227737426758
870 4.3214850425720215
873 74.06219482421875
875 14.946427345275879
876 7.949777126312256
879 95.38136291503906
883 118.06089782714844
884 86.53865814208984
891 40.78169250488281
893 59.47165298461914
894 45.8096923828125
900 21.980260848999023
905 92.88980102539062
906 44.38054275512695
910 139.4027557373047
912 40.79871368408203
913 20.3709659576416
920 34.469139099121094
921 101.22084045410156
922 149.9175567626953
926 143.2703399658203
930 50.15484619140625
931 8.719380378723145
941 4.856496334075928
943 47.89057159423828
947 2.544762134552002
954 76.32911682128906
958 81.40509796142578
969 6.27262020111084
970 50.134735107421875
971 9.125823020935059
973 17.363693237304688
975 138.23846435546875
978 42.19417953491211
982 21.539705276489258
991 36.32801818847656
1005 66.04668426513672
1018 36.07489013671875
1019 2.928129196166992
1022 35.356746673583984
1025 2.6046383380889893
1032 0.6725755333900452
1036 43.023895263671875
1041 151.29830932617188
1050 78.4908447265625
1073 6.417331695556641
1080 100.89364624023438
1081 28.56001853942871
1083 82.41531372070312
1086 22.05315399169922
1092 25.15512466430664
1095 29.14582633972168
1096 21.68375015258789
1107 75.411376953125
1112 24.20635414123535
1116 6.760586261749268
1124 34.4599494934082
1128 46.80146026611328
1135 123.06086730957031
1138 1.8620398044586182
1158 26.216432571411133
1174 31.319005966186523
1186 44.9311408996582
1189 177.8946990966797
1197 18.123611450195312
1204 5.806673526763916
1206 52.739742279052734
1208 3.2109768390655518
1221 15.064269065856934
1222 15.11100959777832
1224 10.718768119812012
1242 7.3319902420043945
1268 3.5349888801574707
1269 11.896149635314941
1271 5.970157623291016
1280 3.066126585006714
1289 52.30006790161133
1294 87.56256103515625
1295 35.10158920288086
1299 2.4139864444732666
1304 68.03936767578125
1311 48.533817291259766
1332 8.038155555725098
1347 42.181480407714844
1352 27.66307258605957
1353 4.740795612335205
1369 2.553793430328369
1383 77.06206512451172
1389 46.2833366394043
1391 120.02293395996094
1393 90.45671844482422
1405 67.81185150146484
1407 9.157398223876953
1408 36.237274169921875
1413 19.53615951538086
1414 4.655876159667969
1417 32.97919845581055
1422 42.234859466552734
1425 1.0810508728027344
1426 59.380889892578125
1430 57.24082565307617
1434 27.055391311645508
1438 119.36894226074219
1441 130.96438598632812
1443 8.334078788757324
1444 24.954410552978516
1448 128.3521728515625
1455 19.980995178222656
1474 40.30503845214844
1480 45.955230712890625
1481 4.244728088378906
1484 58.07640075683594
1489 1.6260217428207397
1492 111.39474487304688
1504 3.6476917266845703
1513 14.939376831054688
1522 29.930152893066406
1531 42.12858963012695
1535 77.38853454589844
1537 22.87202262878418
1544 37.0277214050293
1548 14.016389846801758
1550 52.258460998535156
1557 119.75796508789062
1577 20.034622192382812
1581 12.94963264465332
1590 23.26944351196289
1596 108.40349578857422
1597 47.5218620300293
1606 1.5354949235916138
1612 1.862289309501648
1616 143.48292541503906
1628 3.183807373046875
1634 1.3026478290557861
1642 8.948482513427734
1643 81.69254302978516
1646 0.4855777621269226
1647 64.50420379638672
1650 73.74635314941406
1653 66.37517547607422
1654 12.036299705505371
1666 2.724123477935791
1671 8.375704765319824
1672 9.461954116821289
1673 8.622161865234375
1681 127.09503173828125
1691 6.87991189956665
1694 5.9007720947265625
1700 73.98158264160156
1721 133.3319854736328
1722 4.1011199951171875
1725 33.32476043701172
1731 41.34593963623047
1733 60.34733581542969
1734 78.04776000976562
1750 90.69977569580078
1755 11.44506549835205
1767 3.6845545768737793
1771 2.1870245933532715
1775 40.10609817504883
1790 55.31205749511719
1792 120.03925323486328
1797 2.837541103363037
1802 22.64066505432129
1804 58.86296463012695
1808 41.84740447998047
1811 23.83170509338379
1812 97.19095611572266
1815 20.11961555480957
1825 22.931997299194336
1833 5.8002519607543945
1837 30.204954147338867
1840 63.93520736694336
1851 49.751800537109375
1858 99.2860107421875
1861 7.674911022186279
1862 57.304019927978516
1866 53.60335159301758
1871 2.932295322418213
1880 63.611812591552734
1888 6.127252101898193
1893 26.579259872436523
1894 38.51106643676758
1896 38.0117301940918
1900 41.60531997680664
1904 51.64609909057617
1906 40.20442199707031
1907 47.230648040771484
1921 4.64393949508667
1924 2.9344568252563477
1925 5.701072692871094
1950 3.9254651069641113
1951 2.607619524002075
1956 34.37682342529297
1966 38.41703796386719
1973 117.27841186523438
1984 62.704891204833984
1988 9.093639373779297
1992 39.821937561035156
2001 0.5299588441848755
2014 0.7977924942970276
2025 33.218780517578125
2034 3.30033802986145
2037 132.22665405273438
2050 86.419189453125
2058 15.188997268676758
2059 64.05510711669922
2075 67.97686004638672
2086 7.164701461791992
2088 11.587514877319336
2102 37.25718688964844
2103 2.1718599796295166
2132 200.6555938720703
2133 12.338844299316406
2135 8.230270385742188
2140 3.0187926292419434
2151 73.2725830078125
2158 22.862573623657227
2159 2.1490607261657715
2166 134.66900634765625
2175 17.298362731933594
2177 48.50235366821289
2185 27.317264556884766
2192 2.791764497756958
2193 3.7224035263061523
2194 6.91542387008667
2195 3.3162100315093994
2207 1.5956283807754517
2230 2.6243789196014404
2234 22.292266845703125
2262 2.076927661895752
2268 93.70021057128906
2269 0.9544877409934998
2281 101.38423156738281
2286 2.566805601119995
2287 4.373953819274902
2288 66.60681915283203
2299 4.938108444213867
2308 37.37726974487305
2314 19.73957633972168
2323 91.53655242919922
2327 1.724595308303833
2328 40.92179870605469
2332 3.873549461364746
2336 1.0560271739959717
2341 75.34874725341797
2346 3.7295732498168945
2350 36.06354522705078
2352 112.81398010253906
2360 6.314450263977051
2365 4.849782466888428
2369 74.9242935180664
2372 21.21288299560547
2380 60.312564849853516
2385 70.85350036621094
2386 32.78155517578125
2389 30.1241397857666
2399 4.149051189422607
2400 38.54281234741211
2411 36.024253845214844
2413 0.830847442150116
2422 1.732256293296814
2424 110.31742095947266
2429 1.5492775440216064
2430 18.893978118896484
2444 1.642376184463501
2446 3.053226947784424
2450 2.402390718460083
2454 9.091611862182617
2455 10.203707695007324
2457 3.594869613647461
2459 12.968128204345703
2462 17.428861618041992
2465 18.49390983581543
2467 36.346683502197266
2468 49.99779510498047
2471 4.573537826538086
2473 26.616830825805664
2485 2.0130600929260254
2493 12.905951499938965
2507 21.918529510498047
2517 27.65223503112793
2518 66.73714447021484
2525 2.544401168823242
2526 76.10094451904297
2530 3.859398603439331
2532 19.47755241394043
2534 4.577408790588379
2537 63.232879638671875
2541 1.0996730327606201
2548 0.8941788673400879
2554 38.855682373046875
2563 34.70798873901367
2571 4.502695560455322
2572 2.423781156539917
2579 2.461081027984619
2580 0.5690371990203857
2582 101.61892700195312
2585 25.179141998291016
2586 0.8309062719345093
2587 1.2962592840194702
2591 1.044936180114746
2600 3.6941349506378174
2601 45.06573486328125
2603 52.8040657043457
2607 33.455543518066406
2608 10.106907844543457
2610 0.7079638838768005
2623 0.5497197508811951
2626 4.947693824768066
2629 3.077864646911621
2636 16.562305450439453
2641 69.44165802001953
2643 1.4296201467514038
2652 46.25736999511719
2654 11.223307609558105
2671 21.3110408782959
2675 7.7185869216918945
2685 0.7276772260665894
2696 84.99528503417969
2703 3.1526429653167725
2705 117.70768737792969
2708 16.958473205566406
2709 27.774568557739258
2713 100.91706848144531
2715 0.9223623871803284
2720 2.2093470096588135
2722 12.142394065856934
2724 1.9997996091842651
2726 19.35259246826172
2729 51.91099166870117
2733 0.5487228035926819
2736 45.606929779052734
2737 44.07273864746094
2738 2.013430595397949
2740 69.8476791381836
2743 1.0802867412567139
2750 1.7801158428192139
2761 80.24752044677734
2769 61.960960388183594
2778 2.1026690006256104
2781 2.9197161197662354
2783 24.624099731445312
2791 1.2239668369293213
2795 3.877389907836914
2798 2.473816156387329
2799 55.29633331298828
2801 0.7407789826393127
2803 47.97065734863281
2811 72.0462417602539
2825 2.4513819217681885
2830 9.794730186462402
2844 7.010333061218262
2847 2.8238368034362793
2851 19.626174926757812
2853 67.11226654052734
2854 17.46698570251465
2855 89.44861602783203
2869 34.39112091064453
2874 106.9235610961914
2879 4.927561283111572
2881 1.0529899597167969
2888 0.5825746059417725
2899 25.570783615112305
2905 0.6715993285179138
2910 37.15573501586914
2930 1.7115942239761353
2944 64.742919921875
2946 80.38362121582031
2975 40.44286346435547
2991 12.729755401611328
2998 11.75778865814209
3040 11.859787940979004
3041 129.91893005371094
3045 3.865962505340576
3056 15.955281257629395
3057 4.579085350036621
3058 39.88076400756836
3073 2.179351568222046
3087 5.586617946624756
3101 35.38325500488281
3106 42.42186737060547
3107 8.255290031433105
3111 1.819025993347168
3121 1.7773194313049316
3127 3.030740261077881
3129 1.3619741201400757
3131 13.154733657836914
3135 38.10478973388672
3136 24.61685562133789
3146 0.6464949250221252
3152 97.0789794921875
3159 83.29237365722656
3161 2.7922706604003906
3166 6.910399913787842
3169 17.33599853515625
3172 1.6322546005249023
3177 8.600034713745117
3188 0.679279088973999
3193 36.0444450378418
3195 55.637142181396484
3200 1.5466612577438354
3201 77.29856872558594
3205 41.29214096069336
3206 0.8660178780555725
3208 0.39745521545410156
3211 70.90543365478516
3222 40.011905670166016
3223 54.179664611816406
3231 39.49919891357422
3236 3.175281524658203
3238 1.8127187490463257
3241 22.99905014038086
3245 1.077951431274414
3262 3.2604124546051025
3266 11.027674674987793
3268 3.2796106338500977
3271 3.5055980682373047
3277 70.0960693359375
3285 68.62085723876953
3288 1.6525205373764038
3295 62.64006423950195
3310 2.9071767330169678
3313 0.47067928314208984
3314 0.735936164855957
3324 93.65393829345703
3327 2.208960771560669
3334 40.76262664794922
3336 0.6314013600349426
3340 2.2567460536956787
3343 91.83782958984375
3344 0.6412573456764221
3346 0.5797232985496521
3350 26.843717575073242
3352 32.798702239990234
3358 1.4304968118667603
3365 0.47857195138931274
3384 0.6271799206733704
3389 60.95118713378906
3405 8.99350643157959
3406 2.051619529724121
3408 7.714288234710693
3463 16.062973022460938
3471 1.0730961561203003
3523 37.497772216796875
3526 13.611592292785645
3553 1.6006923913955688
3634 75.24015045166016
3659 2.7328264713287354
3660 1.4104793071746826
3663 3.8804585933685303
3677 52.41152572631836
3727 46.52212142944336
3750 74.20758819580078
3821 1.1218258142471313
3848 2.336138963699341
3853 1.6823216676712036
3958 12.170210838317871
4023 30.922460556030273
4034 87.71163177490234
4037 8.702518463134766
4281 47.594085693359375
4327 0.665953516960144
4481 0.3831404149532318
4587 1.547766089439392
4651 2.995830535888672
4678 4.8532562255859375
4691 70.636474609375
4694 1.6960387229919434
4749 1.982828140258789
4852 3.8350770473480225
4868 41.52564239501953
4990 20.925601959228516
5188 0.9249289631843567
5253 6.023166656494141
5254 71.78446960449219
5292 6.811862468719482
5293 52.9537239074707
5390 64.13360595703125
5421 0.39226824045181274
5456 27.126617431640625
5458 4.475471019744873
5473 1.1334624290466309
5475 32.89786911010742
5476 3.1368250846862793
5482 43.674983978271484
5548 39.429588317871094
5549 19.403282165527344
5596 1.316571831703186
5600 51.07955551147461
5639 0.2708203196525574
5671 17.029390335083008
5674 25.67046546936035
5677 42.635196685791016
5685 1.0965138673782349
5686 0.33058691024780273
5707 135.75360107421875
5714 29.16048240661621
5720 1.6671602725982666
5721 0.6175070405006409
5729 0.8525272607803345
5733 0.32004615664482117
5748 3.6912081241607666
5749 2.01877760887146
5752 26.9791259765625
5763 2.9583375453948975
5764 1.6783536672592163
5780 0.9884832501411438
5792 3.7073512077331543
5793 2.0564064979553223
5795 0.787018895149231
5796 6.017887115478516
5824 1.088995337486267
5856 6.703948020935059
5859 7.416481971740723
5875 1.6078381538391113
5899 0.688406229019165
5920 17.083202362060547
5932 0.7425619959831238
5934 0.323525995016098
5949 2.088322877883911
5953 34.92643356323242
5954 1.7612478733062744
5966 15.992444038391113
5994 34.20931625366211
6001 50.92853927612305
6009 0.28186720609664917
6010 0.8830906748771667
6011 38.868560791015625
6015 1.3401890993118286
6022 2.0801069736480713
6026 6.7369914054870605
6027 2.0277042388916016
6031 1.2492703199386597
6083 0.7206694483757019
6084 0.41268035769462585
6085 0.2851108908653259
6094 64.14643859863281
6188 2.6525118350982666
6191 4.755743026733398
6198 0.682394802570343
6250 0.8939546346664429
6273 1.9369239807128906
6281 0.43191269040107727
6286 0.3422263264656067
6287 1.1173241138458252
6298 86.42546844482422
6300 6.516574859619141
6313 7.213045120239258
6323 0.3817434012889862
6334 5.637553691864014
6338 0.27406081557273865
6350 3.169436454772949
6352 1.4034194946289062
6362 0.30910736322402954
6363 0.4496542513370514
6364 0.3633485734462738
6365 0.35242989659309387
6391 10.197989463806152
6392 1.1523467302322388
6398 0.5255388617515564
6401 0.36186856031417847
6408 2.461028575897217
6434 0.26493731141090393
6456 1.247140884399414
6457 1.2611863613128662
6485 1.1665148735046387
6508 0.1270739883184433
6517 0.6004828214645386
6535 0.32961398363113403
6536 0.1308063119649887
6552 7.769530296325684
6577 0.10894326120615005
6581 1.0246155261993408
6585 0.0934881865978241
6651 0.35211461782455444
6732 1.059414029121399
6752 0.6450762748718262
6753 0.3209244906902313
6759 0.699718713760376
6762 0.5358998775482178
6809 1.2090590000152588
6811 0.19473212957382202
6816 1.4475198984146118
6825 0.27719926834106445
6835 0.6756513714790344
6838 11.718252182006836
6839 0.46967822313308716
6840 1.5586657524108887
6845 2.244274616241455
6850 0.36664971709251404
6855 0.6714146137237549
6882 0.40116626024246216
6896 0.9919674396514893
6906 1.7279707193374634
6909 0.682079553604126
6914 12.811620712280273
6918 0.19690601527690887
6976 16.040550231933594
7024 1.3044207096099854
7025 0.2900265157222748
7046 0.22079449892044067
7061 1.0845602750778198
7079 0.31741446256637573
7091 2.3168792724609375
7093 0.2517930269241333
7108 0.13284875452518463
7154 0.9462094902992249
7172 0.1919916719198227
7202 0.4805992543697357
7205 84.97846984863281
7230 2.8834826946258545
7232 1.2345046997070312
7233 0.9190419912338257
7240 1.2782866954803467
7243 1.8729658126831055
7254 0.3477543592453003
7257 0.05313744395971298
7258 0.5679869651794434
7271 1.6063416004180908
7287 0.6949576735496521
7298 1.65804123878479
7301 2.7586045265197754
7304 2.0108211040496826
7316 32.99515914916992
7317 11.723376274108887
7320 2.2537362575531006
7321 2.4533779621124268
7329 3.76712965965271
7331 23.055910110473633
7333 1.4469796419143677
7342 0.825383186340332
7343 2.718712329864502
7346 1.5358189344406128
7357 2.5225143432617188
7358 2.8818955421447754
7372 2.3674917221069336
7374 0.34164872765541077
7382 3.150714635848999
7383 35.8588981628418
7385 3.7717695236206055
7408 36.3997688293457
7411 2.3182291984558105
7424 2.113001585006714
7425 1.0431180000305176
7467 3.4065301418304443
7529 0.6983350515365601
7545 0.35886281728744507
7568 17.28575897216797
7623 0.3244093358516693
7731 0.6428850889205933
7805 2.46763277053833
7822 1.3698557615280151
7824 1.7659589052200317
7831 1.0644302368164062
7840 0.5161617994308472
7843 0.3553047776222229
7844 3.500957727432251
7857 0.3727431893348694
7884 3.275007486343384
7906 4.206644535064697
7917 3.194788694381714
7927 1.0283621549606323
7931 3.9186277389526367
7933 1.3696978092193604
7942 2.928676128387451
7944 1.2395292520523071
7953 4.645473480224609
7957 2.6725783348083496
7959 3.215425491333008
7963 3.462913751602173
7965 0.8627682328224182
7966 0.8314016461372375
7967 1.4093643426895142
7968 0.7012001872062683
7971 0.9643293619155884
7975 1.7552154064178467
7976 1.938333511352539
7980 1.6052160263061523
7982 0.7836319208145142
7983 2.160160779953003
7991 0.630312979221344
8002 45.20079040527344
8007 5.249772548675537
8011 7.886438846588135
8015 6.164878845214844
8017 3.166248321533203
8021 5.7286787033081055
8026 13.802949905395508
8027 2.3716540336608887
8030 2.168321132659912
8035 71.45989990234375
8037 2.4442365169525146
8043 1.8478114604949951
8061 8.626580238342285
8062 41.0067253112793
8063 51.814491271972656
8064 6.740241527557373
8067 2.8724334239959717
8073 5.735669136047363
8094 1.856933355331421
8098 3.441800117492676
8099 1.849610686302185
8108 13.750337600708008
8117 11.607486724853516
8133 15.669784545898438
8134 9.879746437072754
8135 9.735679626464844
8136 9.010085105895996
8141 138.0286102294922
8161 10.89941120147705
8163 6.950446128845215
8164 8.504254341125488
8172 9.001324653625488
8173 29.261199951171875
8179 8.964106559753418
8183 11.339045524597168
8184 4.903123378753662
8185 10.074166297912598
8186 16.328006744384766
8187 11.005131721496582
8189 8.145240783691406
8199 6.756092548370361
8201 12.987868309020996
8211 14.16447925567627
8214 22.210552215576172
8238 10.013480186462402
8244 17.44164276123047
8279 5.7547101974487305
8282 109.88744354248047
8289 9.359041213989258
8292 7.640239238739014
8300 19.33948516845703
8306 15.282161712646484
8430 6.670018672943115
8434 3.137075185775757
8435 2.91013765335083
8436 11.87857437133789
8439 2.4643983840942383
8443 4.3354597091674805
8493 3.474992036819458
8501 8.51641845703125
8503 8.873404502868652
8507 4.998984336853027
8545 11.15772819519043
8553 6.240358352661133
8554 59.71814727783203
8555 9.504105567932129
8573 3.766402006149292
8577 6.0405049324035645
8580 4.443584442138672
8586 3.5582807064056396
8588 12.500308990478516
8589 6.949889659881592
8601 6.794486045837402
8604 6.8160600662231445
8607 4.1291961669921875
8612 8.32352352142334
8615 3.087534189224243
8617 18.026714324951172
8620 2.593554735183716
8629 141.6573944091797
8630 3.41325306892395
8633 5.409653663635254
8635 3.729600429534912
8639 4.123368263244629
8662 6.057315349578857
8672 2.9530844688415527
8676 3.4287822246551514
8682 42.99872970581055
8684 7.748739242553711
8686 3.3340470790863037
8688 169.96994018554688
8690 84.47784423828125
8696 3.5550925731658936
8738 7.634387016296387
8781 38.43252944946289
8785 8.144767761230469
8805 13.695038795471191
8860 4.021376132965088
8861 9.054938316345215
8863 14.666914939880371
8881 5.8089728355407715
8898 12.075630187988281
8899 16.934980392456055
8901 14.288933753967285
22671 7143.4453125
25931 959.3442993164062
27527 722.04296875
