87 102.0
88 102.5
94 100.5
105 102.0
112 103.0
117 102.5
118 101.0
119 103.0
222 101.0
227 101.0
228 102.0
244 102.5
245 103.0
246 105.0
248 103.0
254 101.0
255 103.0
303 103.0
305 103.0
306 101.0
307 103.0
311 103.0
312 101.0
313 103.0
315 101.0
317 101.0
320 103.0
390 102.5
391 103.0
428 103.0
430 101.5
432 101.5
434 102.0
438 102.0
439 103.0
440 101.0
441 102.5
442 103.5
445 101.0
446 101.0
447 103.0
448 102.0
469 103.0
486 101.0
487 103.0
488 102.0
490 102.0
491 102.0
492 101.0
494 102.5
516 104.0
517 101.5
518 101.0
519 101.5
520 102.0
522 101.0
523 104.5
524 103.0
525 101.5
526 101.0
527 101.0
528 101.0
529 104.0
530 101.0
531 101.0
533 103.0
540 101.5
542 101.0
544 101.0
545 101.0
546 102.5
547 101.5
548 101.5
549 103.0
551 103.0
552 103.0
554 101.0
555 101.0
556 103.0
557 102.5
558 101.0
566 103.0
571 103.0
573 103.0
576 101.5
577 103.0
578 104.5
581 101.5
590 101.0
591 103.5
592 101.0
593 103.0
595 101.0
596 101.0
597 103.5
598 102.5
600 101.0
615 104.0
616 104.0
617 101.0
620 102.5
621 101.5
622 103.0
623 102.5
624 102.0
625 102.0
626 101.5
629 103.0
630 101.0
631 101.0
635 102.0
637 102.5
639 101.5
643 103.0
644 101.0
646 103.0
650 101.0
651 101.0
652 101.0
655 101.0
656 101.0
658 103.0
660 104.0
662 103.0
663 103.0
664 103.5
668 101.0
675 101.0
676 101.0
679 101.5
680 103.0
681 103.0
682 101.0
683 101.0
686 101.5
687 101.5
689 101.0
690 101.0
691 102.0
695 102.5
700 103.0
702 101.0
703 101.0
704 102.5
705 101.0
706 101.5
708 102.5
709 101.0
711 105.0
712 101.0
713 103.0
718 101.5
719 102.5
720 103.5
723 103.0
725 103.5
726 101.5
728 101.0
729 103.5
731 103.0
735 101.5
740 101.0
741 101.0
744 101.5
745 103.0
751 101.5
752 103.0
754 101.5
756 102.5
757 101.0
758 101.0
765 101.0
768 101.0
769 101.0
770 101.0
771 101.5
772 101.5
774 103.5
775 101.5
777 101.5
778 101.5
782 101.5
783 101.0
785 101.0
788 101.0
792 101.0
793 101.0
797 101.0
801 103.0
803 101.0
804 104.5
807 102.5
808 101.0
809 102.5
810 101.5
811 101.0
815 102.5
816 101.0
817 101.5
819 101.5
823 101.0
827 101.5
828 101.0
829 101.0
830 101.5
832 103.0
833 101.5
834 101.5
835 101.5
838 101.0
839 101.5
840 101.5
841 101.5
849 101.0
851 101.0
856 101.5
857 101.5
861 101.0
869 101.0
870 101.0
873 101.5
875 101.0
876 103.0
879 101.0
883 102.5
884 101.5
891 101.5
893 102.5
894 102.0
900 102.0
905 101.5
906 102.5
910 101.5
912 101.5
913 101.0
920 101.0
921 101.0
922 102.5
926 101.5
930 102.5
931 102.0
941 101.0
943 101.5
947 101.5
954 102.0
958 104.5
969 101.0
970 101.5
971 103.5
973 101.5
975 102.0
978 101.0
982 102.5
991 101.5
1005 102.5
1018 101.5
1019 101.5
1022 101.5
1025 100.5
1032 101.0
1036 101.0
1041 101.0
1050 100.5
1073 101.0
1080 101.0
1081 102.0
1083 102.5
1086 101.5
1092 100.5
1095 101.0
1096 101.0
1107 101.5
1112 101.0
1116 101.0
1124 101.5
1128 102.5
1135 102.0
1138 101.0
1158 102.5
1174 101.0
1186 101.0
1189 101.5
1197 101.0
1204 101.5
1206 101.0
1208 100.5
1221 101.0
1222 102.0
1224 102.5
1242 101.0
1268 101.0
1269 101.0
1271 100.5
1280 102.5
1289 102.0
1294 102.5
1295 101.5
1299 101.5
1304 101.0
1311 102.5
1332 101.0
1347 100.5
1352 102.5
1353 102.0
1369 101.5
1383 101.0
1389 103.0
1391 101.0
1393 101.5
1405 101.5
1407 101.0
1408 101.5
1413 101.0
1414 101.0
1417 101.0
1422 102.5
1425 101.0
1426 101.0
1430 101.0
1434 101.0
1438 101.0
1441 100.5
1443 101.5
1444 101.0
1448 101.5
1455 101.5
1474 102.5
1480 101.0
1481 101.5
1484 101.0
1489 101.0
1492 101.5
1504 101.0
1513 103.0
1522 101.0
1531 101.5
1535 101.5
1537 101.0
1544 101.0
1548 102.5
1550 101.0
1557 101.0
1577 100.5
1581 101.5
1590 101.5
1596 102.0
1597 101.5
1606 101.0
1612 100.5
1616 101.0
1628 101.0
1634 101.0
1642 101.5
1643 102.0
1646 101.5
1647 101.0
1650 101.5
1653 101.0
1654 101.5
1666 101.5
1671 101.5
1672 103.0
1673 101.5
1681 101.0
1691 101.5
1694 101.0
1700 101.0
1721 101.0
1722 101.5
1725 101.0
1731 102.5
1733 101.5
1734 101.5
1750 101.0
1755 101.0
1767 101.5
1771 101.0
1775 102.5
1790 101.0
1792 101.5
1797 101.0
1802 101.5
1804 100.5
1808 101.5
1811 101.5
1812 101.0
1815 101.0
1825 101.0
1833 102.0
1837 101.0
1840 101.0
1851 101.0
1858 101.0
1861 101.0
1862 101.5
1866 103.0
1871 101.5
1880 101.0
1888 101.0
1893 101.0
1894 103.0
1896 101.0
1900 101.5
1904 101.0
1906 100.5
1907 101.0
1921 101.0
1924 102.5
1925 100.5
1950 101.0
1951 101.0
1956 102.5
1966 101.5
1973 100.5
1984 101.0
1988 101.5
1992 101.5
2001 101.0
2014 101.0
2025 101.0
2034 100.5
2037 101.5
2050 101.0
2058 101.0
2059 101.5
2075 101.0
2086 101.5
2088 101.0
2102 103.0
2103 101.0
2132 101.5
2133 101.0
2135 101.0
2140 101.0
2151 100.5
2158 101.0
2159 102.0
2166 101.0
2175 101.5
2177 101.0
2185 102.0
2192 101.5
2193 101.5
2194 101.5
2195 102.5
2207 101.5
2230 101.5
2234 101.0
2262 100.5
2268 100.5
2269 101.0
2281 101.5
2286 101.5
2287 101.5
2288 101.5
2299 101.5
2308 101.0
2314 101.5
2323 101.0
2327 101.0
2328 101.0
2332 101.5
2336 101.5
2341 101.0
2346 104.0
2350 101.5
2352 101.0
2360 101.5
2365 101.0
2369 101.5
2372 101.5
2380 101.0
2385 101.5
2386 103.0
2389 101.0
2399 101.0
2400 101.0
2411 101.5
2413 101.0
2422 101.5
2424 101.0
2429 101.5
2430 101.0
2444 101.5
2446 101.0
2450 101.5
2454 101.5
2455 101.5
2457 101.0
2459 101.0
2462 101.5
2465 101.0
2467 101.5
2468 102.5
2471 101.0
2473 102.0
2485 101.5
2493 103.5
2507 103.0
2517 101.5
2518 102.0
2525 101.0
2526 101.5
2530 101.0
2532 103.0
2534 101.0
2537 103.0
2541 101.0
2548 101.0
2554 101.0
2563 101.5
2571 101.0
2572 101.0
2579 102.0
2580 101.0
2582 102.0
2585 102.0
2586 103.0
2587 102.5
2591 101.0
2600 103.0
2601 101.5
2603 101.5
2607 101.5
2608 103.0
2610 101.5
2623 101.0
2626 101.0
2629 101.0
2636 101.0
2641 101.5
2643 101.0
2652 101.0
2654 101.0
2671 101.5
2675 102.0
2685 101.5
2696 103.0
2703 101.5
2705 101.5
2708 101.5
2709 102.0
2713 103.0
2715 101.5
2720 101.5
2722 102.0
2724 103.0
2726 101.5
2729 101.0
2733 101.0
2736 101.5
2737 103.0
2738 102.0
2740 101.5
2743 101.5
2750 101.0
2761 101.5
2769 101.5
2778 102.0
2781 101.0
2783 101.5
2791 102.0
2795 101.0
2798 101.0
2799 101.5
2801 101.5
2803 104.0
2811 101.0
2825 101.5
2830 101.0
2844 101.0
2847 101.0
2851 104.5
2853 101.5
2854 103.0
2855 102.5
2869 101.0
2874 101.0
2879 101.5
2881 101.5
2888 101.0
2899 101.0
2905 101.0
2910 101.0
2930 101.0
2944 101.0
2946 101.0
2975 102.0
2991 101.0
2998 101.5
3040 101.0
3041 101.0
3045 101.0
3056 104.0
3057 101.5
3058 101.0
3073 101.0
3087 102.5
3101 101.5
3106 101.0
3107 101.0
3111 102.0
3121 101.0
3127 101.0
3129 101.0
3131 101.0
3135 101.0
3136 101.0
3146 101.5
3152 101.0
3159 101.5
3161 101.0
3166 101.5
3169 101.0
3172 101.5
3177 101.0
3188 101.0
3193 101.0
3195 102.5
3200 101.5
3201 102.5
3205 101.5
3206 101.5
3208 101.5
3211 101.0
3222 101.5
3223 101.5
3231 103.0
3236 101.0
3238 103.0
3241 101.0
3245 100.5
3262 101.0
3266 101.0
3268 101.0
3271 103.0
3277 101.0
3285 101.0
3288 101.5
3295 103.0
3310 101.0
3313 101.0
3314 103.0
3324 101.5
3327 101.5
3334 102.0
3336 101.5
3340 101.5
3343 101.0
3344 101.0
3346 101.0
3350 103.0
3352 101.0
3358 101.5
3365 101.0
3384 101.0
3389 103.5
3405 103.0
3406 101.5
3408 102.5
3463 101.5
3471 101.0
3523 101.5
3526 101.0
3553 101.0
3634 101.0
3659 103.0
3660 103.0
3663 101.0
3677 101.5
3727 101.0
3750 101.0
3821 101.0
3848 102.5
3853 101.0
3958 103.0
4023 103.0
4034 101.5
4037 103.0
4281 101.0
4327 101.0
4481 101.0
4587 101.5
4651 103.0
4678 101.5
4691 101.0
4694 101.5
4749 101.0
4852 103.0
4868 101.0
4990 101.0
5188 101.0
5253 101.5
5254 101.0
5292 101.0
5293 101.5
5390 101.0
5421 101.5
5456 101.0
5458 101.5
5473 101.0
5475 103.0
5476 103.5
5482 101.5
5548 101.0
5549 101.0
5596 100.5
5600 101.0
5639 102.0
5671 102.0
5674 101.5
5677 101.0
5685 101.5
5686 101.0
5707 101.0
5714 101.0
5720 101.0
5721 103.0
5729 101.0
5733 101.5
5748 101.0
5749 101.5
5752 101.5
5763 101.5
5764 101.5
5780 101.0
5792 101.5
5793 103.0
5795 101.0
5796 103.0
5824 101.5
5856 101.0
5859 101.5
5875 101.5
5899 101.5
5920 101.5
5932 102.0
5934 101.0
5949 101.0
5953 101.5
5954 101.5
5966 101.0
5994 101.0
6001 101.5
6009 101.5
6010 101.0
6011 101.0
6015 102.0
6022 103.0
6026 102.0
6027 101.0
6031 102.5
6083 101.0
6084 102.5
6085 101.5
6094 101.0
6188 103.0
6191 103.0
6198 101.5
6250 102.0
6273 101.0
6281 101.0
6286 101.0
6287 101.0
6298 103.0
6300 101.0
6313 101.0
6323 102.0
6334 101.0
6338 101.5
6350 102.0
6352 101.0
6362 100.5
6363 101.0
6364 101.0
6365 102.5
6391 103.5
6392 101.0
6398 101.5
6401 101.0
6408 101.5
6434 101.0
6456 101.0
6457 103.0
6485 102.5
6508 101.0
6517 103.0
6535 101.5
6536 103.5
6552 101.0
6577 101.0
6581 101.0
6585 101.0
6651 101.5
6732 102.5
6752 101.5
6753 102.5
6759 101.5
6762 101.0
6809 103.0
6811 101.5
6816 101.0
6825 102.5
6835 102.5
6838 101.5
6839 103.0
6840 101.5
6845 101.0
6850 101.5
6855 101.0
6882 101.0
6896 102.5
6906 101.0
6909 101.0
6914 101.5
6918 101.0
6976 101.0
7024 101.5
7025 101.5
7046 101.0
7061 101.5
7079 101.0
7091 102.0
7093 101.5
7108 104.0
7154 102.0
7172 101.0
7202 101.0
7205 103.0
7230 101.0
7232 101.0
7233 101.0
7240 102.5
7243 103.0
7254 101.5
7257 101.5
7258 101.0
7271 101.0
7287 103.5
7298 101.5
7301 101.5
7304 101.5
7316 101.0
7317 102.0
7320 103.0
7321 101.5
7329 101.0
7331 103.0
7333 101.0
7342 101.0
7343 101.5
7346 103.0
7357 101.0
7358 101.5
7372 101.0
7374 101.0
7382 101.5
7383 102.0
7385 101.0
7408 101.0
7411 101.0
7424 101.0
7425 101.0
7467 101.5
7529 101.5
7545 101.0
7568 104.0
7623 104.0
7731 103.0
7805 101.0
7822 101.0
7824 101.0
7831 101.5
7840 101.0
7843 101.0
7844 103.0
7857 103.0
7884 102.0
7906 101.0
7917 102.5
7927 103.0
7931 102.5
7933 103.0
7942 101.5
7944 101.0
7953 101.0
7957 101.0
7959 101.0
7963 101.5
7965 101.0
7966 101.0
7967 103.0
7968 101.0
7971 101.0
7975 101.0
7976 103.5
7980 104.5
7982 103.0
7983 101.0
7991 100.5
8002 101.0
8007 101.5
8011 102.5
8015 101.5
8017 101.0
8021 101.0
8026 103.0
8027 102.0
8030 101.0
8035 103.0
8037 103.5
8043 102.0
8061 102.0
8062 101.5
8063 101.5
8064 101.0
8067 101.0
8073 101.5
8094 103.5
8098 101.0
8099 103.0
8108 103.0
8117 103.0
8133 102.5
8134 101.0
8135 101.5
8136 101.0
8141 101.0
8161 102.0
8163 101.0
8164 101.0
8172 101.0
8173 103.0
8179 102.5
8183 104.5
8184 101.0
8185 101.5
8186 103.5
8187 101.5
8189 101.5
8199 101.0
8201 101.0
8211 101.0
8214 101.0
8238 101.5
8244 101.0
8279 102.5
8282 101.0
8289 101.0
8292 101.0
8300 101.0
8306 102.5
8430 102.5
8434 101.0
8435 101.0
8436 103.5
8439 104.0
8443 105.0
8493 101.0
8501 101.0
8503 104.0
8507 101.5
8545 105.5
8553 103.5
8554 101.0
8555 103.5
8573 103.5
8577 104.0
8580 103.0
8586 101.0
8588 105.5
8589 101.0
8601 103.0
8604 101.5
8607 103.0
8612 103.0
8615 103.0
8617 101.0
8620 103.5
8629 101.0
8630 101.0
8633 101.0
8635 103.5
8639 101.0
8662 103.0
8672 103.5
8676 103.0
8682 101.5
8684 103.0
8686 105.0
8688 102.5
8690 105.5
8696 104.5
8738 101.0
8781 101.0
8785 103.5
8805 105.0
8860 102.0
8861 104.0
8863 101.5
8881 101.5
8898 103.5
8899 103.0
8901 103.0
22671 104.0
25931 101.0
27527 103.0
